256
358
377
378
378
388
390
402
405
410
416
423
435
449
695
1214
456
460
463
479
482
485
486
514
535
536
537
537
540
540
543
557
611
612
636
636
637
637
643
646
650
658
672
676
705
732
735
754
758
762
763
774
783
785
786
885
834
790
794
812
844
795
802
802
805
826
816
817
818
822
824
828
828
828
831
831
833
837
841
874
842
842
842
843
844
852
1142
1160
859
894
894
1144
1225
852
854
855
855
1305
857
860
862
864
868
871
879
884
888
889
891
893
893
895
898
899
900
903
904
909
909
911
1306
917
919
923
1170
1219
1285
1305
1313
1317
926
1138
939
1132
940
947
953
955
955
956
962
963
968
969
981
987
989
991
1003
1010
1014
1033
1036
1057
1071
1073
1073
1088
1091
1096
1114
1134
1135
1138
1138
1139
1144
1302
1144
1145
1155
1155
1160
1162
1167
1167
1172
1174
1174
1174
1178
1185
1189
1194
1194
1204
1207
1209
1213
1222
1232
1233
1236
1245
1254
1270
1271
1271
1274
1279
1279
1295
1297
1297
1298
1298
1299
1300
1303
1304
1307
1309
1316
1318
1321
1321
1324
1329
1330
1330
1330
1331
1331
1338
1338
1340
1345
1352
1353
1353
1354
1367
1369
1378
1380
1382
1391
1394
435
490
581
582
638
656
695
1066
1197
1220
1233
1225
1285
1330
1348
731
779
831
837
885
893
1227
1295
1307
960
1354
953
997
1014
1098
471
777
831
852
884
939
1014
1086
1223
1285
1307
1307
442
540
683
695
721
733
805
805
824
843
1176
1248
1302
699
843
870
873
888
893
902
912
923
966
1033
1033
1038
1057
1089
1134
1139
1204
1222
1254
1276
1345
265
398
428
474
498
562
636
721
723
763
826
868
877
893
903
925
989
1057
1080
1279
1280
1302
1330
701
1008
1174
1312
1331
1352
1359
1365