261
286
311
313
316
317
323
340
344
344
349
353
355
365
369
372
375
385
388
400
401
405
748
804
806
911
414
418
425
428
430
431
468
486
488
560
598
643
498
507
510
511
517
522
524
529
529
535
536
536
543
543
544
569
566
569
571
597
599
600
601
609
621
622
624
629
636
637
637
638
640
632
643
643
643
646
650
652
654
655
655
656
656
739
744
763
662
676
724
677
699
707
718
721
723
732
734
735
741
743
748
748
755
758
758
758
762
762
771
763
778
786
791
804
806
826
827
890
895
828
829
833
834
834
841
844
852
868
884
887
890
893
900
902
911
923
926
927
939
947
958
961
962
963
991
1007
1010
1010
1014
1021
1031
1073
1088
1098
1099
1111
1137
1138
1143
1164
1167
1168
1174
1178
1182
1190
1203
1205
1209
1247
1249
1255
1276
1280
1285
1304
1305
1305
1306
1307
1329
1331
1337
1338
1350
1355
1357
1363
1363
1369